port:1337
ip:10.1.1.160
机器人上电状态:0
机器人移动到初始位置：0 0.523599 0 1.0472 0 1.5708 0
当前末端位置和欧拉角0.563003 -1.24586e-05 0.43217 3.14153 -0.000505914 -3.14151
目标末端位置和欧拉角0.563003 -1.24586e-05 0.43217 3.14153 3.14153 3.14153
新的IK位置：-0.622204 6612.7 0.122463 -10171.2 0.786339 12573.5 -0.525522
当前末端位置和欧拉角0.562957 -1.37414e-05 0.432353 3.14153 -0.000199338 -3.14151
目标末端位置和欧拉角0.562957 -1.37414e-05 0.432353 3.14153 3.14153 3.14153
新的IK位置：-2.03499 21525.7 0.392029 -33108.3 2.5407 40929.2 -1.70761
Log file written to: data_error
terminate called after throwing an instance of 'xmate::ControlException'
  what():  motion error:["kActualJointVelocityLimitsViolation"]
轴空间运动轨迹不连续，或速度、加速度超过阈值，请检查客户端规划轨迹


1.72397e-05 0.824945 3.67739e-06 -1.85953 -5.42283e-06 1.03449 0.000101076 
1.81728e-05 0.824946 3.43613e-06 -1.85954 -7.47722e-06 1.03449 9.84836e-05 
1.69534e-05 0.824945 3.39374e-06 -1.85954 -5.22614e-06 1.03449 0.000102665 
1.76492e-05 0.82495 3.63785e-06 -1.85954 -7.47052e-06 1.0345 9.61095e-05 
1.74692e-05 0.824946 3.41774e-06 -1.85954 -5.39719e-06 1.03449 0.000103516 
1.63866e-05 0.824952 4.01677e-06 -1.85955 -6.03236e-06 1.0345 9.5252e-05 
1.79102e-05 0.82495 3.72505e-06 -1.85954 -6.58177e-06 1.0345 9.92659e-05 
1.64421e-05 0.824949 3.75637e-06 -1.85954 -4.50014e-06 1.0345 0.000101222 
1.65487e-05 0.824953 4.14362e-06 -1.85955 -5.22337e-06 1.0345 9.65387e-05 
1.67471e-05 0.824951 4.01609e-06 -1.85955 -4.18039e-06 1.0345 0.000100725 
1.53233e-05 0.824949 3.88751e-06 -1.85954 -2.79785e-06 1.0345 0.000102196 
1.68979e-05 0.824952 3.93211e-06 -1.85955 -5.11918e-06 1.0345 9.81841e-05 
1.6386e-05 0.82495 4.01625e-06 -1.85954 -3.73456e-06 1.0345 0.000100973 
1.58141e-05 0.82495 3.8916e-06 -1.85954 -4.14158e-06 1.0345 9.94542e-05 
1.62834e-05 0.824952 4.17699e-06 -1.85955 -4.15412e-06 1.0345 9.97429e-05 
1.64335e-05 0.824951 4.02867e-06 -1.85955 -4.52887e-06 1.0345 9.92732e-05 
1.6174e-05 0.82495 4.04704e-06 -1.85954 -3.89492e-06 1.0345 0.00010089 
1.50858e-05 0.824955 4.46864e-06 -1.85955 -3.97164e-06 1.0345 9.55463e-05 
1.69407e-05 0.824951 3.85998e-06 -1.85955 -5.00527e-06 1.0345 9.98032e-05 
1.5529e-05 0.824953 4.26423e-06 -1.85955 -3.42635e-06 1.0345 9.85073e-05 
1.63584e-05 0.824951 3.99799e-06 -1.85955 -4.97119e-06 1.0345 9.80688e-05 
1.65574e-05 0.824953 4.25749e-06 -1.85955 -4.03057e-06 1.0345 0.000100133 
1.57364e-05 0.82495 3.9554e-06 -1.85954 -3.11484e-06 1.0345 0.00010185 
1.651e-05 0.824954 4.364e-06 -1.85955 -4.86035e-06 1.0345 9.67746e-05 
1.53088e-05 0.824949 4.0653e-06 -1.85954 -2.11475e-06 1.0345 0.000103765 
1.65549e-05 0.824953 4.06458e-06 -1.85955 -4.94784e-06 1.0345 9.75756e-05 
1.65646e-05 0.824952 4.11674e-06 -1.85955 -3.79816e-06 1.0345 0.000100995 
1.56673e-05 0.824949 3.86138e-06 -1.85954 -3.52558e-06 1.0345 0.000101721 
1.66908e-05 0.824955 4.35779e-06 -1.85955 -5.10651e-06 1.0345 9.7035e-05 
1.56516e-05 0.824953 4.22445e-06 -1.85955 -3.48212e-06 1.0345 9.90844e-05 
1.58186e-05 0.824953 4.31482e-06 -1.85955 -3.86801e-06 1.0345 9.87698e-05 
1.54577e-05 0.824953 4.25685e-06 -1.85955 -3.76862e-06 1.0345 9.7708e-05 
1.55442e-05 0.824953 4.11228e-06 -1.85955 -4.00691e-06 1.0345 9.73329e-05 
1.54981e-05 0.824954 4.39273e-06 -1.85955 -3.88296e-06 1.0345 9.66523e-05 
1.61641e-05 0.824953 4.23779e-06 -1.85955 -4.5916e-06 1.0345 9.73589e-05 
1.70766e-05 0.824951 3.92269e-06 -1.85955 -4.09107e-06 1.0345 0.00010223 
1.53742e-05 0.824954 4.39164e-06 -1.85955 -3.60249e-06 1.0345 9.68884e-05 
1.64762e-05 0.824955 4.29683e-06 -1.85955 -4.81515e-06 1.0345 9.66981e-05 
1.50224e-05 0.824953 4.36396e-06 -1.85955 -2.44736e-06 1.0345 0.000100769 
1.59671e-05 0.824956 4.46054e-06 -1.85955 -4.62464e-06 1.0345 9.50895e-05 
1.60502e-05 0.824953 4.25052e-06 -1.85955 -3.39313e-06 1.0345 0.000100139 
1.56156e-05 0.824952 4.14539e-06 -1.85955 -3.32827e-06 1.0345 0.000100336 
1.72561e-05 0.824952 4.00098e-06 -1.85955 -4.86543e-06 1.0345 9.9604e-05 
1.52035e-05 0.824953 4.40346e-06 -1.85955 -2.70795e-06 1.0345 0.000100052 
1.64442e-05 0.824952 4.15826e-06 -1.85955 -3.96681e-06 1.0345 0.000100539 
1.5873e-05 0.824952 4.29438e-06 -1.85955 -2.83979e-06 1.0345 0.000102001 
1.62055e-05 0.824953 4.29431e-06 -1.85955 -3.81998e-06 1.0345 9.95786e-05 
1.57629e-05 0.824952 4.21551e-06 -1.85955 -3.1183e-06 1.0345 0.000101161 
1.59298e-05 0.824954 4.35538e-06 -1.85955 -4.12273e-06 1.0345 9.76188e-05 
1.69207e-05 0.824951 3.93637e-06 -1.85955 -3.98114e-06 1.0345 0.00010257 
1.48681e-05 0.824954 4.59049e-06 -1.85955 -2.43348e-06 1.0345 9.89535e-05 
1.63541e-05 0.824952 4.08839e-06 -1.85955 -4.30603e-06 1.0345 9.96062e-05 
1.59013e-05 0.824954 4.37154e-06 -1.85955 -2.97285e-06 1.0345 0.000100776 
1.55218e-05 0.824954 4.3807e-06 -1.85955 -3.01734e-06 1.0345 0.000100024 
1.65083e-05 0.824952 4.05862e-06 -1.85955 -3.93494e-06 1.0345 0.00010104 
1.5905e-05 0.824952 4.18842e-06 -1.85955 -3.02384e-06 1.0345 0.000101487 
1.70987e-05 0.824954 4.21289e-06 -1.85955 -5.10254e-06 1.0345 9.87143e-05 
1.59355e-05 0.824953 4.33551e-06 -1.85955 -2.68701e-06 1.0345 0.00010205 
1.63782e-05 0.824951 4.01831e-06 -1.85955 -4.08675e-06 1.0345 0.000100554 
1.67216e-05 0.824954 4.23105e-06 -1.85955 -3.98697e-06 1.0345 0.000100414 
1.50747e-05 0.824953 4.39751e-06 -1.85955 -2.25801e-06 1.0345 0.000100884 
1.57376e-05 0.824952 4.13643e-06 -1.85955 -3.8862e-06 1.0345 9.90517e-05 
1.57768e-05 0.824955 4.37362e-06 -1.85955 -4.25963e-06 1.0345 9.61186e-05 
1.49246e-05 0.824954 4.45819e-06 -1.85955 -2.69306e-06 1.0345 9.92507e-05 
1.57271e-05 0.824956 4.53e-06 -1.85955 -4.12503e-06 1.0345 9.6352e-05 
1.53891e-05 0.824953 4.33968e-06 -1.85955 -2.86303e-06 1.0345 0.000100661 
1.61869e-05 0.824956 4.39919e-06 -1.85955 -4.04587e-06 1.0345 9.77117e-05 
1.4512e-05 0.824955 4.65569e-06 -1.85955 -1.96422e-06 1.0345 9.93443e-05 
1.56353e-05 0.824954 4.28891e-06 -1.85955 -4.52399e-06 1.0345 9.60661e-05 
1.55112e-05 0.824957 4.61053e-06 -1.85956 -3.78154e-06 1.03451 9.62516e-05 
1.53254e-05 0.824955 4.47198e-06 -1.85955 -3.03619e-06 1.0345 9.87069e-05 
1.58411e-05 0.824953 4.28324e-06 -1.85955 -3.34696e-06 1.0345 9.9902e-05 
1.5184e-05 0.824955 4.52674e-06 -1.85955 -3.48021e-06 1.0345 9.70942e-05 
1.5633e-05 0.824956 4.44261e-06 -1.85955 -3.45958e-06 1.0345 9.81835e-05 
1.48814e-05 0.824956 4.66452e-06 -1.85955 -2.74375e-06 1.03451 9.79121e-05 
1.67805e-05 0.824953 3.99951e-06 -1.85955 -4.67492e-06 1.0345 9.90964e-05 
1.72181e-05 0.824953 4.05945e-06 -1.85955 -5.18247e-06 1.0345 9.81973e-05 
1.56608e-05 0.824953 4.32152e-06 -1.85955 -2.85932e-06 1.0345 0.000100555 
1.62541e-05 0.824954 4.21774e-06 -1.85955 -3.79393e-06 1.0345 9.99648e-05 
1.55405e-05 0.824957 4.62733e-06 -1.85956 -4.02673e-06 1.03451 9.55361e-05 
1.56834e-05 0.824953 4.2356e-06 -1.85955 -2.97489e-06 1.0345 0.000101184 
1.52284e-05 0.824957 4.59231e-06 -1.85956 -3.4795e-06 1.03451 9.64681e-05 
1.60647e-05 0.824954 4.30005e-06 -1.85955 -3.87952e-06 1.0345 9.93834e-05 
1.60532e-05 0.824956 4.51993e-06 -1.85956 -4.25793e-06 1.03451 9.60949e-05 
1.56985e-05 0.824954 4.40547e-06 -1.85955 -2.64351e-06 1.0345 0.000101634 
1.59351e-05 0.824954 4.26323e-06 -1.85955 -3.82212e-06 1.0345 9.87388e-05 
1.53923e-05 0.824955 4.49534e-06 -1.85955 -2.56255e-06 1.0345 9.99719e-05 
1.56925e-05 0.824956 4.44927e-06 -1.85955 -3.9044e-06 1.0345 9.69182e-05 
1.51149e-05 0.824957 4.5713e-06 -1.85956 -3.03735e-06 1.03451 9.7366e-05 
1.56019e-05 0.824956 4.53664e-06 -1.85955 -3.85511e-06 1.03451 9.65428e-05 
1.61881e-05 0.824954 4.3411e-06 -1.85955 -3.34749e-06 1.0345 0.000100298 
1.53366e-05 0.824955 4.63955e-06 -1.85955 -2.90877e-06 1.0345 9.93147e-05 
1.65915e-05 0.824954 4.17781e-06 -1.85955 -4.26574e-06 1.0345 9.94518e-05 
1.52849e-05 0.824956 4.5866e-06 -1.85955 -2.48208e-06 1.0345 9.96039e-05 
1.55948e-05 0.824956 4.55271e-06 -1.85955 -3.41848e-06 1.0345 9.81267e-05 
1.54206e-05 0.824954 4.3114e-06 -1.85955 -2.6673e-06 1.0345 0.000100642 
1.6003e-05 0.824954 4.32717e-06 -1.85955 -3.57195e-06 1.0345 9.91931e-05 
1.74152e-05 0.824953 4.09613e-06 -1.85955 -4.42674e-06 1.0345 0.000101366 
1.50476e-05 0.824955 4.50919e-06 -1.85955 -2.39437e-06 1.0345 0.00010024 
1.65577e-05 0.824954 4.24463e-06 -1.85955 -4.15803e-06 1.0345 9.96559e-05 
1.52944e-05 0.824954 4.44635e-06 -1.85955 -2.32256e-06 1.0345 0.000101151 
1.55907e-05 0.824956 4.47579e-06 -1.85955 -3.72227e-06 1.03451 9.6942e-05 
1.58021e-05 0.824954 4.30357e-06 -1.85955 -2.84621e-06 1.0345 0.000101519 
1.60523e-05 0.824954 4.38007e-06 -1.85955 -3.92607e-06 1.0345 9.82158e-05 
1.77985e-05 0.824952 3.80618e-06 -1.85955 -4.77649e-06 1.0345 0.000102458 
1.40189e-05 0.824958 5.14316e-06 -1.85956 -1.5e-06 1.03451 9.70912e-05 
1.54217e-05 0.824957 4.86986e-06 -1.85956 -2.34159e-06 1.03451 9.82942e-05 
1.43212e-05 0.824958 5.14102e-06 -1.85956 -1.59344e-06 1.03451 9.68288e-05 
1.51334e-05 0.824958 5.0123e-06 -1.85956 -2.97634e-06 1.03451 9.5988e-05 
1.39885e-05 0.824956 4.91318e-06 -1.85955 -1.09208e-06 1.03451 9.92703e-05 
1.46196e-05 0.824961 5.30862e-06 -1.85956 -3.09231e-06 1.03451 9.23138e-05 
1.38672e-05 0.824959 5.22001e-06 -1.85956 -1.89299e-06 1.03451 9.46673e-05 
1.37914e-05 0.824959 5.31186e-06 -1.85956 -1.58561e-06 1.03451 9.53503e-05 
1.51395e-05 0.824957 4.94545e-06 -1.85956 -2.05696e-06 1.03451 9.84833e-05 
1.37265e-05 0.824958 5.1496e-06 -1.85956 -1.30257e-06 1.03451 9.59223e-05 
1.49828e-05 0.824959 5.10816e-06 -1.85956 -2.95654e-06 1.03451 9.51144e-05 
1.49144e-05 0.824955 4.71869e-06 -1.85955 -1.73256e-06 1.0345 0.000100026 
1.45667e-05 0.824957 5.08219e-06 -1.85956 -2.04184e-06 1.03451 9.67394e-05 
1.5119e-05 0.824957 4.8731e-06 -1.85956 -2.69805e-06 1.03451 9.688e-05 
1.37271e-05 0.82496 5.3428e-06 -1.85956 -1.94443e-06 1.03451 9.36067e-05 
1.51933e-05 0.824957 4.89919e-06 -1.85955 -1.79684e-06 1.03451 9.9785e-05 
1.47237e-05 0.824957 4.95348e-06 -1.85956 -1.95076e-06 1.03451 9.71128e-05 
1.39036e-05 0.824958 5.13334e-06 -1.85956 -2.0385e-06 1.03451 9.52745e-05 
1.50535e-05 0.824957 4.87192e-06 -1.85956 -2.6982e-06 1.03451 9.64518e-05 
1.38323e-05 0.824956 5.03946e-06 -1.85955 -6.64905e-07 1.03451 9.98879e-05 
1.47704e-05 0.824957 4.97469e-06 -1.85956 -2.30983e-06 1.03451 9.70306e-05 
1.4744e-05 0.824956 4.95579e-06 -1.85955 -1.76844e-06 1.03451 9.88672e-05 
1.4947e-05 0.824955 4.79224e-06 -1.85955 -1.71929e-06 1.0345 9.93718e-05 
1.56737e-05 0.824956 4.8183e-06 -1.85955 -2.30151e-06 1.03451 9.91253e-05 
1.37447e-05 0.824956 5.12573e-06 -1.85955 -6.2017e-07 1.03451 9.95141e-05 
1.50809e-05 0.824958 5.028e-06 -1.85956 -2.81898e-06 1.03451 9.52947e-05 
1.41069e-05 0.824956 4.8983e-06 -1.85955 -1.93078e-06 1.03451 9.69158e-05 
1.45427e-05 0.824956 4.92916e-06 -1.85955 -1.48491e-06 1.03451 9.95423e-05 
1.52461e-05 0.824955 4.77211e-06 -1.85955 -2.72271e-06 1.0345 9.85222e-05 
1.43787e-05 0.824957 5.06613e-06 -1.85956 -1.2911e-06 1.03451 9.83015e-05 
1.4694e-05 0.824955 4.81107e-06 -1.85955 -1.46709e-06 1.0345 0.000100553 
1.39654e-05 0.824958 5.14989e-06 -1.85956 -1.60818e-06 1.03451 9.72846e-05 
1.53781e-05 0.824956 4.82391e-06 -1.85955 -2.52848e-06 1.03451 9.824e-05 
1.4305e-05 0.824956 4.91815e-06 -1.85955 -1.44663e-06 1.0345 9.90735e-05 
1.51302e-05 0.824956 4.74022e-06 -1.85955 -2.55516e-06 1.0345 9.83785e-05 
1.3719e-05 0.824959 5.22281e-06 -1.85956 -1.78115e-06 1.03451 9.50606e-05 
1.43303e-05 0.824958 5.14403e-06 -1.85956 -1.83583e-06 1.03451 9.69294e-05 
1.47339e-05 0.824956 4.8334e-06 -1.85955 -1.52913e-06 1.0345 9.96472e-05 
1.43898e-05 0.824956 4.86503e-06 -1.85955 -2.50833e-06 1.03451 9.65986e-05 
1.4846e-05 0.824957 5.01405e-06 -1.85956 -1.58493e-06 1.03451 9.92937e-05 
1.49046e-05 0.824954 4.68036e-06 -1.85955 -2.15867e-06 1.0345 9.93046e-05 
1.42357e-05 0.824956 4.88166e-06 -1.85955 -1.89181e-06 1.0345 9.78944e-05 
1.42138e-05 0.82496 5.24666e-06 -1.85956 -2.20388e-06 1.03451 9.48369e-05 
1.40568e-05 0.824958 5.15252e-06 -1.85956 -1.53486e-06 1.03451 9.62697e-05 
1.47721e-05 0.824956 4.85752e-06 -1.85955 -1.50808e-06 1.0345 9.99833e-05 
1.52662e-05 0.824954 4.51718e-06 -1.85955 -3.34918e-06 1.0345 9.81147e-05 
1.49239e-05 0.824957 5.10052e-06 -1.85956 -1.54676e-06 1.03451 9.90324e-05 
1.46319e-05 0.824954 4.62189e-06 -1.85955 -1.80796e-06 1.0345 9.9753e-05 
1.55815e-05 0.824958 4.97698e-06 -1.85956 -3.33909e-06 1.03451 9.56618e-05 
1.51693e-05 0.824956 4.79496e-06 -1.85955 -2.22419e-06 1.0345 9.8943e-05 
1.46568e-05 0.824957 4.97466e-06 -1.85956 -1.90472e-06 1.03451 9.7798e-05 
1.50716e-05 0.824954 4.63578e-06 -1.85955 -2.60501e-06 1.0345 9.87157e-05 
1.48881e-05 0.824958 4.88527e-06 -1.85956 -2.8655e-06 1.03451 9.5698e-05 
1.39312e-05 0.824957 5.15388e-06 -1.85956 -5.73647e-07 1.03451 9.9971e-05 
1.59604e-05 0.824956 4.64258e-06 -1.85955 -4.56507e-06 1.03451 9.43908e-05 
1.4609e-05 0.824954 4.78364e-06 -1.85955 -1.74316e-06 1.0345 9.99032e-05 
1.49661e-05 0.824958 5.05788e-06 -1.85956 -2.83018e-06 1.03451 9.54578e-05 
1.37925e-05 0.824956 4.97696e-06 -1.85955 -1.06313e-06 1.03451 9.81232e-05 
1.50204e-05 0.824958 5.03891e-06 -1.85956 -2.61954e-06 1.03451 9.65888e-05 
1.53472e-05 0.824954 4.53645e-06 -1.85955 -2.68334e-06 1.0345 9.92431e-05 
1.49919e-05 0.824957 4.96829e-06 -1.85956 -2.28116e-06 1.03451 9.76372e-05 
1.55901e-05 0.824954 4.59228e-06 -1.85955 -2.96214e-06 1.0345 9.88665e-05 
1.56044e-05 0.824955 4.87024e-06 -1.85955 -2.67056e-06 1.0345 9.9203e-05 
1.40319e-05 0.824955 4.97257e-06 -1.85955 -7.78963e-07 1.0345 9.97979e-05 
1.46454e-05 0.824957 5.00187e-06 -1.85956 -2.07676e-06 1.03451 9.70932e-05 
1.44076e-05 0.824955 4.8762e-06 -1.85955 -1.30404e-06 1.0345 0.000100258 
1.41642e-05 0.824957 5.04378e-06 -1.85956 -2.10008e-06 1.03451 9.57693e-05 
1.50042e-05 0.824956 4.83685e-06 -1.85955 -3.19071e-06 1.03451 9.52269e-05 
1.49277e-05 0.824955 4.8114e-06 -1.85955 -1.62722e-06 1.0345 0.000100538 
1.46598e-05 0.824954 4.66321e-06 -1.85955 -2.45966e-06 1.0345 9.84667e-05 
1.4503e-05 0.824959 5.28595e-06 -1.85956 -1.5931e-06 1.03451 9.71253e-05 
1.44788e-05 0.824955 4.82985e-06 -1.85955 -7.16873e-07 1.0345 0.000101948 
1.37859e-05 0.824958 5.06489e-06 -1.85956 -2.46755e-06 1.03451 9.38273e-05 
1.39332e-05 0.824956 5.09045e-06 -1.85955 -1.70768e-08 1.03451 0.000102032 
1.47377e-05 0.824959 5.10762e-06 -1.85956 -3.66824e-06 1.03451 9.18102e-05 
1.49624e-05 0.824955 4.7579e-06 -1.85955 -1.90978e-06 1.0345 9.96931e-05 
1.44525e-05 0.824955 4.79368e-06 -1.85955 -2.37359e-06 1.0345 9.74828e-05 
1.48211e-05 0.824958 5.03217e-06 -1.85956 -2.97431e-06 1.03451 9.49089e-05 
1.41891e-05 0.824956 5.0168e-06 -1.85955 -2.46017e-07 1.03451 0.00010188 
1.47618e-05 0.824957 4.8312e-06 -1.85955 -3.36784e-06 1.03451 9.487e-05 
1.45464e-05 0.824958 5.04066e-06 -1.85956 -1.92247e-06 1.03451 9.70357e-05 
1.45291e-05 0.824955 4.83232e-06 -1.85955 -1.94875e-06 1.0345 9.8635e-05 
1.50512e-05 0.824956 4.75394e-06 -1.85955 -2.55128e-06 1.0345 9.78828e-05 
1.45642e-05 0.824956 4.93558e-06 -1.85955 -1.62727e-06 1.03451 9.82126e-05 
1.46239e-05 0.824957 4.90709e-06 -1.85956 -1.86094e-06 1.03451 9.77223e-05 
1.93724e-05 0.824937 1.73295e-06 -1.85953 -7.66743e-06 1.03448 0.000107811 
1.76219e-05 0.824945 2.96169e-06 -1.85954 -6.21523e-06 1.03449 0.000100361 
2.04545e-05 0.82492 8.54135e-07 -1.85949 -8.99742e-06 1.03446 0.000109598 
1.79092e-05 0.824935 2.43792e-06 -1.85952 -5.98752e-06 1.03448 0.00010572 
1.78674e-05 0.824931 2.322e-06 -1.85951 -5.38972e-06 1.03448 0.000107631 
1.72949e-05 0.824935 2.71964e-06 -1.85952 -5.02123e-06 1.03448 0.000106356 
1.86181e-05 0.824932 2.37356e-06 -1.85951 -7.02001e-06 1.03448 0.000106476 
1.86007e-05 0.824935 2.549e-06 -1.85952 -7.80683e-06 1.03448 0.00010444 
1.94294e-05 0.824933 2.32353e-06 -1.85951 -8.90627e-06 1.03448 0.000104727 
1.9539e-05 0.824933 2.33289e-06 -1.85952 -9.01974e-06 1.03448 0.000105022 
1.90601e-05 0.824934 2.4719e-06 -1.85952 -8.3377e-06 1.03448 0.000104489 
1.86896e-05 0.824933 2.45437e-06 -1.85952 -7.8396e-06 1.03448 0.000104864 
1.86391e-05 0.824934 2.51839e-06 -1.85952 -7.47296e-06 1.03448 0.00010498 
1.89992e-05 0.824934 2.44411e-06 -1.85952 -7.78536e-06 1.03448 0.000105195 
1.88284e-05 0.824934 2.51116e-06 -1.85952 -7.88601e-06 1.03448 0.000104674 
1.90456e-05 0.824934 2.45679e-06 -1.85952 -8.12887e-06 1.03448 0.000105166 
1.88809e-05 0.824933 2.39438e-06 -1.85952 -8.01422e-06 1.03448 0.000105439 
1.88182e-05 0.824934 2.52856e-06 -1.85952 -7.74409e-06 1.03448 0.000105142 
1.8636e-05 0.824934 2.49314e-06 -1.85952 -7.78751e-06 1.03448 0.000104722 
1.899e-05 0.824933 2.43801e-06 -1.85952 -7.8209e-06 1.03448 0.000105943 
1.8925e-05 0.824934 2.45397e-06 -1.85952 -8.00221e-06 1.03448 0.000104851 
1.92754e-05 0.824934 2.41345e-06 -1.85952 -8.35255e-06 1.03448 0.000104874 
1.94037e-05 0.824933 2.33052e-06 -1.85952 -8.49452e-06 1.03448 0.000105152 
1.89148e-05 0.824934 2.47132e-06 -1.85952 -7.86022e-06 1.03448 0.000105319 
1.88523e-05 0.824934 2.46203e-06 -1.85952 -7.85292e-06 1.03448 0.000104935 
1.89989e-05 0.824933 2.39345e-06 -1.85952 -7.91181e-06 1.03448 0.000105647 
1.89136e-05 0.824934 2.4607e-06 -1.85952 -7.98852e-06 1.03448 0.00010483 
1.87224e-05 0.824933 2.45322e-06 -1.85952 -7.76174e-06 1.03448 0.000105367 
1.90572e-05 0.824933 2.3869e-06 -1.85952 -8.03147e-06 1.03448 0.000105579 
1.87794e-05 0.824933 2.41946e-06 -1.85952 -7.83021e-06 1.03448 0.000105471 
1.89819e-05 0.824933 2.42026e-06 -1.85952 -8.07068e-06 1.03448 0.000104955 
1.87098e-05 0.824934 2.4957e-06 -1.85952 -7.80848e-06 1.03448 0.000105126 
1.90401e-05 0.824933 2.39704e-06 -1.85951 -8.0109e-06 1.03448 0.000105548 
1.92754e-05 0.824934 2.41345e-06 -1.85952 -8.35255e-06 1.03448 0.000104874 
1.8925e-05 0.824934 2.45397e-06 -1.85952 -8.00221e-06 1.03448 0.000104851 
1.90572e-05 0.824933 2.3869e-06 -1.85952 -8.03147e-06 1.03448 0.000105579 
1.88567e-05 0.824934 2.47777e-06 -1.85952 -7.74089e-06 1.03448 0.000105386 
1.90548e-05 0.824933 2.41214e-06 -1.85952 -8.22016e-06 1.03448 0.00010487 
1.8959e-05 0.824934 2.48011e-06 -1.85952 -7.97524e-06 1.03448 0.000105182 
1.86245e-05 0.824934 2.54622e-06 -1.85952 -7.7059e-06 1.03448 0.00010497 
1.90445e-05 0.824934 2.42947e-06 -1.85952 -8.0781e-06 1.03448 0.000105338 
1.9136e-05 0.824933 2.32905e-06 -1.85951 -8.25598e-06 1.03448 0.000105236 
1.90616e-05 0.824934 2.41933e-06 -1.85952 -8.09868e-06 1.03448 0.00010537 
1.93222e-05 0.824934 2.39698e-06 -1.85952 -8.27921e-06 1.03448 0.000105446 
1.89875e-05 0.824934 2.46325e-06 -1.85952 -8.0095e-06 1.03448 0.000105234 
1.88987e-05 0.824933 2.42902e-06 -1.85951 -7.59974e-06 1.03448 0.000106168 
1.88567e-05 0.824934 2.47777e-06 -1.85952 -7.74089e-06 1.03448 0.000105386 
1.9073e-05 0.824933 2.41257e-06 -1.85952 -8.11242e-06 1.03448 0.00010539 
1.91988e-05 0.824933 2.33806e-06 -1.85951 -8.26374e-06 1.03448 0.000105621 
1.90572e-05 0.824933 2.3869e-06 -1.85952 -8.03147e-06 1.03448 0.000105579 
1.86301e-05 0.824934 2.52624e-06 -1.85952 -7.53352e-06 1.03448 0.000105641 
1.92506e-05 0.824934 2.43241e-06 -1.85952 -8.1806e-06 1.03448 0.000105359 
1.87042e-05 0.824933 2.45275e-06 -1.85952 -7.86955e-06 1.03448 0.000104847 
1.91143e-05 0.824933 2.35306e-06 -1.85951 -8.10012e-06 1.03448 0.000105684 
1.87098e-05 0.824934 2.4957e-06 -1.85952 -7.80848e-06 1.03448 0.000105126 
1.89034e-05 0.824934 2.47805e-06 -1.85952 -7.84655e-06 1.03448 0.000105298 
1.88523e-05 0.824933 2.41128e-06 -1.85952 -7.97988e-06 1.03448 0.000105387 
1.86528e-05 0.824934 2.46647e-06 -1.85952 -7.62855e-06 1.03448 0.000105413 
1.89135e-05 0.824933 2.44407e-06 -1.85952 -7.80919e-06 1.03448 0.00010549 
1.89148e-05 0.824934 2.47132e-06 -1.85952 -7.86022e-06 1.03448 0.000105319 
1.90299e-05 0.824933 2.43109e-06 -1.85952 -8.04814e-06 1.03448 0.000105355 
1.89136e-05 0.824934 2.4607e-06 -1.85952 -7.98852e-06 1.03448 0.00010483 
1.93453e-05 0.824933 2.33707e-06 -1.85952 -8.37481e-06 1.03448 0.000105219 
1.93363e-05 0.824933 2.36485e-06 -1.85951 -8.10442e-06 1.03448 0.000106177 
1.86258e-05 0.824934 2.51049e-06 -1.85952 -7.64555e-06 1.03448 0.00010519 
1.91302e-05 0.824933 2.37873e-06 -1.85952 -8.18115e-06 1.03448 0.000105495 
1.87509e-05 0.824933 2.43633e-06 -1.85952 -7.79597e-06 1.03448 0.000105419 
1.87668e-05 0.824933 2.46196e-06 -1.85952 -7.87698e-06 1.03448 0.00010523 
1.90458e-05 0.824934 2.39366e-06 -1.85952 -8.01775e-06 1.03448 0.000105558 
1.91233e-05 0.824933 2.37158e-06 -1.85951 -8.30263e-06 1.03448 0.000104995 
1.90343e-05 0.824934 2.44679e-06 -1.85952 -7.93608e-06 1.03448 0.000105806 
1.8959e-05 0.824934 2.48011e-06 -1.85952 -7.97524e-06 1.03448 0.000105182 
1.86769e-05 0.824933 2.48017e-06 -1.85952 -7.70705e-06 1.03448 0.000105283 
1.92733e-05 0.824933 2.29393e-06 -1.85951 -8.35334e-06 1.03448 0.000105757 
1.90445e-05 0.824934 2.42947e-06 -1.85952 -8.0781e-06 1.03448 0.000105338 
1.89863e-05 0.824933 2.43596e-06 -1.85952 -7.95861e-06 1.03448 0.000105406 
1.91016e-05 0.824933 2.39564e-06 -1.85952 -8.14678e-06 1.03448 0.000105443 
1.89615e-05 0.824934 2.4549e-06 -1.85952 -7.78668e-06 1.03448 0.000105891 
1.91404e-05 0.824933 2.36144e-06 -1.85952 -8.32326e-06 1.03448 0.000105027 
1.90445e-05 0.824934 2.42947e-06 -1.85952 -8.0781e-06 1.03448 0.000105338 
1.93222e-05 0.824934 2.39698e-06 -1.85952 -8.27921e-06 1.03448 0.000105446 
1.8711e-05 0.824934 2.45996e-06 -1.85952 -7.74805e-06 1.03448 0.000105346 
1.89819e-05 0.824933 2.42026e-06 -1.85952 -8.07068e-06 1.03448 0.000104955 
1.9047e-05 0.824933 2.40418e-06 -1.85952 -7.88943e-06 1.03448 0.000106048 
1.90445e-05 0.824934 2.42947e-06 -1.85952 -8.0781e-06 1.03448 0.000105338 
1.92392e-05 0.824934 2.42241e-06 -1.85952 -7.98778e-06 1.03448 0.000105999 
1.91233e-05 0.824933 2.37158e-06 -1.85951 -8.30263e-06 1.03448 0.000104995 
1.90547e-05 0.824933 2.39541e-06 -1.85951 -8.04089e-06 1.03448 0.000105531 
1.88989e-05 0.824933 2.44569e-06 -1.85952 -7.77925e-06 1.03448 0.000105507 
1.89888e-05 0.824934 2.42746e-06 -1.85952 -7.9492e-06 1.03448 0.000105454 
1.94523e-05 0.824933 2.35495e-06 -1.85952 -8.49762e-06 1.03448 0.000105466 
1.90299e-05 0.824933 2.43109e-06 -1.85952 -8.04814e-06 1.03448 0.000105355 
1.89135e-05 0.824933 2.44407e-06 -1.85952 -7.80919e-06 1.03448 0.00010549 
1.90401e-05 0.824933 2.39704e-06 -1.85951 -8.0109e-06 1.03448 0.000105548 
1.93222e-05 0.824934 2.39698e-06 -1.85952 -8.27921e-06 1.03448 0.000105446 
1.87008e-05 0.824934 2.47727e-06 -1.85952 -7.60607e-06 1.03448 0.000105814 
1.9164e-05 0.824934 2.45573e-06 -1.85952 -8.02701e-06 1.03448 0.000105374 
1.92032e-05 0.824933 2.37055e-06 -1.85952 -8.33085e-06 1.03448 0.000105411 
1.90343e-05 0.824934 2.44679e-06 -1.85952 -7.93608e-06 1.03448 0.000105806 
1.8918e-05 0.824934 2.47645e-06 -1.85952 -7.87646e-06 1.03448 0.000105281 
1.87668e-05 0.824933 2.46196e-06 -1.85952 -7.87698e-06 1.03448 0.00010523 
1.89135e-05 0.824933 2.44407e-06 -1.85952 -7.80919e-06 1.03448 0.00010549 
1.90445e-05 0.824934 2.42947e-06 -1.85952 -8.0781e-06 1.03448 0.000105338 
1.90572e-05 0.824933 2.3869e-06 -1.85952 -8.03147e-06 1.03448 0.000105579 
1.9164e-05 0.824934 2.45573e-06 -1.85952 -8.02701e-06 1.03448 0.000105374 
1.90445e-05 0.824934 2.42947e-06 -1.85952 -8.0781e-06 1.03448 0.000105338 
1.87224e-05 0.824933 2.45322e-06 -1.85952 -7.76174e-06 1.03448 0.000105367 
1.90445e-05 0.824934 2.42947e-06 -1.85952 -8.0781e-06 1.03448 0.000105338 
1.89761e-05 0.824934 2.47e-06 -1.85952 -7.99579e-06 1.03448 0.000105213 
1.87668e-05 0.824933 2.46196e-06 -1.85952 -7.87698e-06 1.03448 0.00010523 
1.90445e-05 0.824934 2.42947e-06 -1.85952 -8.0781e-06 1.03448 0.000105338 
1.93508e-05 0.824933 2.38006e-06 -1.85952 -8.31358e-06 1.03448 0.000105499 
1.91416e-05 0.824933 2.38874e-06 -1.85952 -8.3741e-06 1.03448 0.000104855 
1.88136e-05 0.824933 2.44547e-06 -1.85952 -7.80352e-06 1.03448 0.000105803 
1.87668e-05 0.824933 2.46196e-06 -1.85952 -7.87698e-06 1.03448 0.00010523 
1.89819e-05 0.824933 2.42026e-06 -1.85952 -8.07068e-06 1.03448 0.000104955 
1.90602e-05 0.824934 2.45518e-06 -1.85952 -8.1588e-06 1.03448 0.000105149 
1.90002e-05 0.824933 2.42071e-06 -1.85952 -7.9629e-06 1.03448 0.000105475 
1.93805e-05 0.824934 2.39048e-06 -1.85952 -8.39872e-06 1.03448 0.000105379 
1.9139e-05 0.824933 2.39726e-06 -1.85952 -8.38343e-06 1.03448 0.000104807 
1.86371e-05 0.824934 2.50376e-06 -1.85952 -7.65921e-06 1.03448 0.000105211 
1.89761e-05 0.824934 2.47e-06 -1.85952 -7.99579e-06 1.03448 0.000105213 
1.89717e-05 0.824933 2.43758e-06 -1.85952 -7.92866e-06 1.03448 0.000105423 
1.90572e-05 0.824933 2.3869e-06 -1.85952 -8.03147e-06 1.03448 0.000105579 
1.88863e-05 0.824934 2.48816e-06 -1.85952 -7.82605e-06 1.03448 0.000105266 
1.89875e-05 0.824934 2.46325e-06 -1.85952 -8.0095e-06 1.03448 0.000105234 
1.88523e-05 0.824933 2.41128e-06 -1.85952 -7.97988e-06 1.03448 0.000105387 
1.90602e-05 0.824934 2.45518e-06 -1.85952 -8.1588e-06 1.03448 0.000105149 
1.8959e-05 0.824934 2.48011e-06 -1.85952 -7.97524e-06 1.03448 0.000105182 
1.86358e-05 0.824933 2.47656e-06 -1.85952 -7.60808e-06 1.03448 0.000105382 
1.88136e-05 0.824933 2.44547e-06 -1.85952 -7.80352e-06 1.03448 0.000105803 
1.89009e-05 0.824934 2.48655e-06 -1.85952 -7.85595e-06 1.03448 0.000105249 
1.86258e-05 0.824934 2.51049e-06 -1.85952 -7.64555e-06 1.03448 0.00010519 
1.91302e-05 0.824933 2.37873e-06 -1.85952 -8.18115e-06 1.03448 0.000105495 
1.89135e-05 0.824933 2.44407e-06 -1.85952 -7.80919e-06 1.03448 0.00010549 
1.8959e-05 0.824934 2.48011e-06 -1.85952 -7.97524e-06 1.03448 0.000105182 
1.89717e-05 0.824933 2.43758e-06 -1.85952 -7.92866e-06 1.03448 0.000105423 
1.91118e-05 0.824933 2.37835e-06 -1.85952 -8.28888e-06 1.03448 0.000104974 
1.89819e-05 0.824933 2.42026e-06 -1.85952 -8.07068e-06 1.03448 0.000104955 
1.9264e-05 0.824934 2.4202e-06 -1.85952 -8.33881e-06 1.03448 0.000104853 
1.87668e-05 0.824933 2.46196e-06 -1.85952 -7.87698e-06 1.03448 0.00010523 
1.89135e-05 0.824933 2.44407e-06 -1.85952 -7.80919e-06 1.03448 0.00010549 
1.90445e-05 0.824934 2.42947e-06 -1.85952 -8.0781e-06 1.03448 0.000105338 
1.90572e-05 0.824933 2.3869e-06 -1.85952 -8.03147e-06 1.03448 0.000105579 
1.88863e-05 0.824934 2.48816e-06 -1.85952 -7.82605e-06 1.03448 0.000105266 
1.91028e-05 0.824933 2.40617e-06 -1.85951 -8.01847e-06 1.03448 0.000105932 
1.89558e-05 0.824933 2.47497e-06 -1.85952 -7.95904e-06 1.03448 0.00010522 
1.91874e-05 0.824933 2.34484e-06 -1.85951 -8.24996e-06 1.03448 0.0001056 
1.89717e-05 0.824933 2.43758e-06 -1.85952 -7.92866e-06 1.03448 0.000105423 
1.9047e-05 0.824933 2.40418e-06 -1.85952 -7.88943e-06 1.03448 0.000106048 
1.89863e-05 0.824933 2.43596e-06 -1.85952 -7.95861e-06 1.03448 0.000105406 
1.90548e-05 0.824933 2.41214e-06 -1.85952 -8.22016e-06 1.03448 0.00010487 
1.90602e-05 0.824934 2.45518e-06 -1.85952 -8.1588e-06 1.03448 0.000105149 
1.89135e-05 0.824933 2.44407e-06 -1.85952 -7.80919e-06 1.03448 0.00010549 
1.90445e-05 0.824934 2.42947e-06 -1.85952 -8.0781e-06 1.03448 0.000105338 
1.90445e-05 0.824934 2.42947e-06 -1.85952 -8.0781e-06 1.03448 0.000105338 
1.8768e-05 0.824934 2.42621e-06 -1.85952 -7.8165e-06 1.03448 0.00010545 
1.89237e-05 0.824933 2.42675e-06 -1.85952 -7.95118e-06 1.03448 0.000105022 
1.9395e-05 0.824934 2.38887e-06 -1.85952 -8.42868e-06 1.03448 0.000105362 
1.86371e-05 0.824934 2.50376e-06 -1.85952 -7.65921e-06 1.03448 0.000105211 
1.89046e-05 0.824934 2.48866e-06 -1.85952 -7.71828e-06 1.03448 0.000105786 
1.89135e-05 0.824933 2.44407e-06 -1.85952 -7.80919e-06 1.03448 0.00010549 
1.87109e-05 0.824933 2.44328e-06 -1.85952 -7.56855e-06 1.03448 0.000106007 
1.89615e-05 0.824934 2.4549e-06 -1.85952 -7.78668e-06 1.03448 0.000105891 
1.90445e-05 0.824934 2.42947e-06 -1.85952 -8.0781e-06 1.03448 0.000105338 
1.89863e-05 0.824933 2.43596e-06 -1.85952 -7.95861e-06 1.03448 0.000105406 
1.88042e-05 0.824933 2.40055e-06 -1.85952 -8.00227e-06 1.03448 0.000104986 
1.89191e-05 0.824933 2.39446e-06 -1.85951 -7.88369e-06 1.03448 0.000105231 
1.89989e-05 0.824933 2.39345e-06 -1.85952 -7.91181e-06 1.03448 0.000105647 
1.93337e-05 0.824933 2.39021e-06 -1.85952 -8.29296e-06 1.03448 0.000105467 
1.90559e-05 0.824933 2.42271e-06 -1.85952 -8.09183e-06 1.03448 0.000105359 
1.89819e-05 0.824933 2.42026e-06 -1.85952 -8.07068e-06 1.03448 0.000104955 
1.93222e-05 0.824934 2.39698e-06 -1.85952 -8.27921e-06 1.03448 0.000105446 
1.89717e-05 0.824933 2.43758e-06 -1.85952 -7.92866e-06 1.03448 0.000105423 
1.89237e-05 0.824933 2.42675e-06 -1.85952 -7.95118e-06 1.03448 0.000105022 
1.88761e-05 0.824934 2.50552e-06 -1.85952 -7.68412e-06 1.03448 0.000105734 
1.91302e-05 0.824933 2.37873e-06 -1.85952 -8.18115e-06 1.03448 0.000105495 
1.89107e-05 0.824933 2.40473e-06 -1.85952 -8.09958e-06 1.03448 0.000105319 
1.87086e-05 0.824933 2.46845e-06 -1.85952 -7.75749e-06 1.03448 0.000105298 
1.90401e-05 0.824933 2.39704e-06 -1.85951 -8.0109e-06 1.03448 0.000105548 
1.86769e-05 0.824933 2.48017e-06 -1.85952 -7.70705e-06 1.03448 0.000105283 
1.8959e-05 0.824934 2.48011e-06 -1.85952 -7.97524e-06 1.03448 0.000105182 
1.89396e-05 0.824934 2.45236e-06 -1.85952 -8.03213e-06 1.03448 0.000104834 
1.89135e-05 0.824933 2.44407e-06 -1.85952 -7.80919e-06 1.03448 0.00010549 
1.92494e-05 0.824934 2.40509e-06 -1.85952 -8.12977e-06 1.03448 0.000105531 
1.9113e-05 0.824933 2.38888e-06 -1.85951 -8.16053e-06 1.03448 0.000105464 
1.89965e-05 0.824933 2.41864e-06 -1.85952 -8.10064e-06 1.03448 0.000104938 
1.90628e-05 0.824933 2.42988e-06 -1.85952 -7.97038e-06 1.03448 0.000105859 
1.86711e-05 0.824934 2.52991e-06 -1.85952 -7.63231e-06 1.03448 0.000105542 
1.84308e-05 0.824933 2.50095e-06 -1.85952 -7.55638e-06 1.03448 0.00010519 
1.88136e-05 0.824933 2.44547e-06 -1.85952 -7.80352e-06 1.03448 0.000105803 
1.9073e-05 0.824933 2.41257e-06 -1.85952 -8.11242e-06 1.03448 0.00010539 
1.89875e-05 0.824934 2.46325e-06 -1.85952 -8.0095e-06 1.03448 0.000105234 
1.8851e-05 0.824933 2.38402e-06 -1.85951 -7.92879e-06 1.03448 0.000105559 
1.93368e-05 0.824934 2.39536e-06 -1.85952 -8.30917e-06 1.03448 0.000105429 
1.93908e-05 0.824933 2.35634e-06 -1.85951 -8.36176e-06 1.03448 0.000105572 
1.90445e-05 0.824934 2.42947e-06 -1.85952 -8.0781e-06 1.03448 0.000105338 
1.93248e-05 0.824933 2.37163e-06 -1.85952 -8.09068e-06 1.03448 0.000106156 
1.91302e-05 0.824933 2.37873e-06 -1.85952 -8.18115e-06 1.03448 0.000105495 
1.87668e-05 0.824933 2.46196e-06 -1.85952 -7.87698e-06 1.03448 0.00010523 
1.89487e-05 0.824934 2.49748e-06 -1.85952 -7.83328e-06 1.03448 0.00010565 
1.90343e-05 0.824934 2.44679e-06 -1.85952 -7.93608e-06 1.03448 0.000105806 
1.90299e-05 0.824933 2.43109e-06 -1.85952 -8.04814e-06 1.03448 0.000105355 
1.91302e-05 0.824933 2.36189e-06 -1.85951 -8.00181e-06 1.03448 0.000106156 
1.89863e-05 0.824933 2.43596e-06 -1.85952 -7.95861e-06 1.03448 0.000105406 
1.90718e-05 0.824933 2.38527e-06 -1.85952 -8.06146e-06 1.03448 0.000105562 
1.87725e-05 0.824933 2.4123e-06 -1.85951 -7.95172e-06 1.03448 0.000104971 
1.86087e-05 0.824934 2.52058e-06 -1.85952 -7.62508e-06 1.03448 0.000105159 
1.91302e-05 0.824933 2.37873e-06 -1.85952 -8.18115e-06 1.03448 0.000105495 
1.9408e-05 0.824933 2.34617e-06 -1.85952 -8.38241e-06 1.03448 0.000105603 
1.90548e-05 0.824933 2.41214e-06 -1.85952 -8.22016e-06 1.03448 0.00010487 
1.89819e-05 0.824933 2.42026e-06 -1.85952 -8.07068e-06 1.03448 0.000104955 
1.9047e-05 0.824934 2.42095e-06 -1.85952 -8.06872e-06 1.03448 0.000105387 
1.89781e-05 0.824933 2.33677e-06 -1.85951 -8.13118e-06 1.03448 0.000105617 
1.8694e-05 0.824933 2.47007e-06 -1.85952 -7.72755e-06 1.03448 0.000105315 
1.89135e-05 0.824933 2.44407e-06 -1.85952 -7.80919e-06 1.03448 0.00010549 
1.8694e-05 0.824933 2.47007e-06 -1.85952 -7.72755e-06 1.03448 0.000105315 
1.89717e-05 0.824933 2.43758e-06 -1.85952 -7.92866e-06 1.03448 0.000105423 
1.91302e-05 0.824933 2.37873e-06 -1.85952 -8.18115e-06 1.03448 0.000105495 
1.90972e-05 0.824933 2.36321e-06 -1.85951 -8.07953e-06 1.03448 0.000105652 
1.89818e-05 0.824933 2.40358e-06 -1.85951 -7.89128e-06 1.03448 0.000105615 
1.90401e-05 0.824933 2.39704e-06 -1.85951 -8.0109e-06 1.03448 0.000105548 
1.8918e-05 0.824934 2.47645e-06 -1.85952 -7.87646e-06 1.03448 0.000105281 
1.92494e-05 0.824934 2.40509e-06 -1.85952 -8.12977e-06 1.03448 0.000105531 
1.91173e-05 0.824934 2.42136e-06 -1.85952 -8.22756e-06 1.03448 0.000105254 
1.89034e-05 0.824934 2.47805e-06 -1.85952 -7.84655e-06 1.03448 0.000105298 
1.91156e-05 0.824933 2.38036e-06 -1.85952 -8.15115e-06 1.03448 0.000105512 
1.8785e-05 0.824933 2.46239e-06 -1.85952 -7.76922e-06 1.03448 0.000105751 
1.89863e-05 0.824934 2.45264e-06 -1.85952 -8.1378e-06 1.03448 0.000104745 
1.91027e-05 0.824934 2.42297e-06 -1.85952 -8.1976e-06 1.03448 0.000105271 
1.88262e-05 0.824933 2.40291e-06 -1.85951 -7.7567e-06 1.03448 0.000106044 
1.89875e-05 0.824934 2.46325e-06 -1.85952 -8.0095e-06 1.03448 0.000105234 
1.91173e-05 0.824934 2.42136e-06 -1.85952 -8.22756e-06 1.03448 0.000105254 
1.89021e-05 0.824934 2.45081e-06 -1.85952 -7.79552e-06 1.03448 0.000105469 
1.89863e-05 0.824933 2.43596e-06 -1.85952 -7.95861e-06 1.03448 0.000105406 
1.92617e-05 0.824933 2.34708e-06 -1.85951 -8.27148e-06 1.03448 0.000106005 
1.89293e-05 0.824934 2.46971e-06 -1.85952 -7.89014e-06 1.03448 0.000105302 
1.90616e-05 0.824934 2.41933e-06 -1.85952 -8.09868e-06 1.03448 0.00010537 
1.88352e-05 0.824933 2.42142e-06 -1.85951 -7.95929e-06 1.03448 0.000105355 
1.89717e-05 0.824933 2.43758e-06 -1.85952 -7.92866e-06 1.03448 0.000105423 
1.89843e-05 0.824933 2.39508e-06 -1.85952 -7.88182e-06 1.03448 0.000105664 
1.90445e-05 0.824934 2.42947e-06 -1.85952 -8.0781e-06 1.03448 0.000105338 
1.87814e-05 0.824933 2.46034e-06 -1.85952 -7.90693e-06 1.03448 0.000105213 
1.87109e-05 0.824933 2.44328e-06 -1.85952 -7.56855e-06 1.03448 0.000106007 
1.89863e-05 0.824933 2.43596e-06 -1.85952 -7.95861e-06 1.03448 0.000105406 
1.90718e-05 0.824933 2.38527e-06 -1.85952 -8.06146e-06 1.03448 0.000105562 
1.90445e-05 0.824934 2.42947e-06 -1.85952 -8.0781e-06 1.03448 0.000105338 
1.89046e-05 0.824934 2.48866e-06 -1.85952 -7.71828e-06 1.03448 0.000105786 
1.93439e-05 0.824933 2.37289e-06 -1.85952 -8.43504e-06 1.03448 0.000104999 
1.89863e-05 0.824933 2.43596e-06 -1.85952 -7.95861e-06 1.03448 0.000105406 
1.90718e-05 0.824933 2.38527e-06 -1.85952 -8.06146e-06 1.03448 0.000105562 
1.87668e-05 0.824933 2.46196e-06 -1.85952 -7.87698e-06 1.03448 0.00010523 
1.88669e-05 0.824934 2.46042e-06 -1.85952 -7.88284e-06 1.03448 0.000104918 
1.90287e-05 0.824933 2.4038e-06 -1.85952 -7.99718e-06 1.03448 0.000105527 
1.90445e-05 0.824934 2.42947e-06 -1.85952 -8.0781e-06 1.03448 0.000105338 
1.89717e-05 0.824933 2.43758e-06 -1.85952 -7.92866e-06 1.03448 0.000105423 
1.90445e-05 0.824934 2.42947e-06 -1.85952 -8.0781e-06 1.03448 0.000105338 
1.90445e-05 0.824934 2.42947e-06 -1.85952 -8.0781e-06 1.03448 0.000105338 
1.89135e-05 0.824933 2.44407e-06 -1.85952 -7.80919e-06 1.03448 0.00010549 
1.87312e-05 0.824933 2.40873e-06 -1.85952 -7.85258e-06 1.03448 0.00010507 
1.90445e-05 0.824934 2.42947e-06 -1.85952 -8.0781e-06 1.03448 0.000105338 
1.87794e-05 0.824933 2.41946e-06 -1.85952 -7.83021e-06 1.03448 0.000105471 
1.89761e-05 0.824934 2.47e-06 -1.85952 -7.99579e-06 1.03448 0.000105213 
1.89716e-05 0.824933 2.42086e-06 -1.85951 -7.74928e-06 1.03448 0.000106084 
1.90488e-05 0.824934 2.46194e-06 -1.85952 -8.14506e-06 1.03448 0.000105129 
1.92366e-05 0.824934 2.44769e-06 -1.85952 -8.17621e-06 1.03448 0.00010529 
1.89077e-05 0.824934 2.4938e-06 -1.85952 -7.73451e-06 1.03448 0.000105749 
1.89717e-05 0.824933 2.43758e-06 -1.85952 -7.92866e-06 1.03448 0.000105423 
1.90445e-05 0.824934 2.42947e-06 -1.85952 -8.0781e-06 1.03448 0.000105338 
1.9395e-05 0.824934 2.38887e-06 -1.85952 -8.42868e-06 1.03448 0.000105362 
1.89933e-05 0.824933 2.41351e-06 -1.85952 -8.08439e-06 1.03448 0.000104975 
1.90445e-05 0.824934 2.42947e-06 -1.85952 -8.0781e-06 1.03448 0.000105338 
1.90591e-05 0.824934 2.42785e-06 -1.85952 -8.10805e-06 1.03448 0.000105321 
1.87668e-05 0.824933 2.46196e-06 -1.85952 -7.87698e-06 1.03448 0.00010523 
1.88907e-05 0.824934 2.50392e-06 -1.85952 -7.71401e-06 1.03448 0.000105717 
1.90431e-05 0.824933 2.46532e-06 -1.85952 -8.1382e-06 1.03448 0.000105118 
1.9002e-05 0.824934 2.46164e-06 -1.85952 -8.03942e-06 1.03448 0.000105217 
1.89717e-05 0.824933 2.43758e-06 -1.85952 -7.92866e-06 1.03448 0.000105423 
1.88338e-05 0.824934 2.53763e-06 -1.85952 -7.64571e-06 1.03448 0.000105613 
1.89863e-05 0.824933 2.43596e-06 -1.85952 -7.95861e-06 1.03448 0.000105406 
1.89009e-05 0.824934 2.48655e-06 -1.85952 -7.85595e-06 1.03448 0.000105249 
1.90445e-05 0.824934 2.42947e-06 -1.85952 -8.0781e-06 1.03448 0.000105338 
1.8902e-05 0.824933 2.49717e-06 -1.85952 -7.72768e-06 1.03448 0.000105738 
1.90343e-05 0.824934 2.44679e-06 -1.85952 -7.93608e-06 1.03448 0.000105806 
1.91199e-05 0.824933 2.39601e-06 -1.85952 -8.03907e-06 1.03448 0.000105963 
1.85407e-05 0.824934 2.56093e-06 -1.85952 -7.54324e-06 1.03448 0.000105034 
1.90445e-05 0.824934 2.42947e-06 -1.85952 -8.0781e-06 1.03448 0.000105338 
1.9047e-05 0.824933 2.40418e-06 -1.85952 -7.88943e-06 1.03448 0.000106048 
1.89009e-05 0.824934 2.48655e-06 -1.85952 -7.85595e-06 1.03448 0.000105249 
1.92537e-05 0.824934 2.43756e-06 -1.85952 -8.19679e-06 1.03448 0.000105321 
1.92904e-05 0.824933 2.33009e-06 -1.85951 -8.30598e-06 1.03448 0.000106057 
1.90548e-05 0.824933 2.41214e-06 -1.85952 -8.22016e-06 1.03448 0.00010487 
1.91924e-05 0.824934 2.43887e-06 -1.85952 -8.06124e-06 1.03448 0.000105426 
1.89761e-05 0.824934 2.45328e-06 -1.85952 -7.81662e-06 1.03448 0.000105874 
1.87886e-05 0.824934 2.51815e-06 -1.85952 -7.65903e-06 1.03448 0.000105261 
1.92392e-05 0.824934 2.42241e-06 -1.85952 -7.98778e-06 1.03448 0.000105999 
1.87794e-05 0.824933 2.41946e-06 -1.85952 -7.83021e-06 1.03448 0.000105471 
1.92494e-05 0.824934 2.40509e-06 -1.85952 -8.12977e-06 1.03448 0.000105531 
1.9408e-05 0.824933 2.34617e-06 -1.85952 -8.38241e-06 1.03448 0.000105603 
1.91886e-05 0.824933 2.35531e-06 -1.85951 -8.12162e-06 1.03448 0.000106089 
1.8959e-05 0.824934 2.48011e-06 -1.85952 -7.97524e-06 1.03448 0.000105182 
1.90445e-05 0.824934 2.42947e-06 -1.85952 -8.0781e-06 1.03448 0.000105338 
1.89863e-05 0.824933 2.43596e-06 -1.85952 -7.95861e-06 1.03448 0.000105406 
1.85552e-05 0.824934 2.55934e-06 -1.85952 -7.5731e-06 1.03448 0.000105017 
1.90445e-05 0.824934 2.42947e-06 -1.85952 -8.0781e-06 1.03448 0.000105338 
1.87668e-05 0.824933 2.46196e-06 -1.85952 -7.87698e-06 1.03448 0.00010523 
1.87565e-05 0.824934 2.47928e-06 -1.85952 -7.73497e-06 1.03448 0.000105698 
1.90445e-05 0.824934 2.42947e-06 -1.85952 -8.0781e-06 1.03448 0.000105338 
1.91302e-05 0.824933 2.37873e-06 -1.85952 -8.18115e-06 1.03448 0.000105495 
1.89278e-05 0.824933 2.37774e-06 -1.85951 -7.94086e-06 1.03448 0.000106012 
1.90445e-05 0.824934 2.42947e-06 -1.85952 -8.0781e-06 1.03448 0.000105338 
1.89717e-05 0.824933 2.43758e-06 -1.85952 -7.92866e-06 1.03448 0.000105423 
1.88396e-05 0.824933 2.45385e-06 -1.85952 -8.02644e-06 1.03448 0.000105146 
1.8875e-05 0.824934 2.49489e-06 -1.85952 -7.81238e-06 1.03448 0.000105246 
1.8901e-05 0.824934 2.50316e-06 -1.85952 -8.03505e-06 1.03448 0.000104589 
1.93076e-05 0.824934 2.3986e-06 -1.85952 -8.24926e-06 1.03448 0.000105463 
1.94561e-05 0.824933 2.35691e-06 -1.85952 -8.35999e-06 1.03448 0.000106004 
1.90572e-05 0.824933 2.3869e-06 -1.85952 -8.03147e-06 1.03448 0.000105579 
1.90445e-05 0.824934 2.42947e-06 -1.85952 -8.0781e-06 1.03448 0.000105338 
1.88887e-05 0.824933 2.463e-06 -1.85952 -7.6373e-06 1.03448 0.000105975 
1.9186e-05 0.824933 2.38071e-06 -1.85951 -8.31019e-06 1.03448 0.000105379 
1.91028e-05 0.824933 2.40617e-06 -1.85951 -8.01847e-06 1.03448 0.000105932 
1.90457e-05 0.824933 2.44003e-06 -1.85952 -7.9498e-06 1.03448 0.000105827 
1.9073e-05 0.824933 2.41257e-06 -1.85952 -8.11242e-06 1.03448 0.00010539 
1.88567e-05 0.824934 2.47777e-06 -1.85952 -7.74089e-06 1.03448 0.000105386 
1.90548e-05 0.824933 2.41214e-06 -1.85952 -8.22016e-06 1.03448 0.00010487 
1.90445e-05 0.824934 2.42947e-06 -1.85952 -8.0781e-06 1.03448 0.000105338 
1.93335e-05 0.824934 2.40699e-06 -1.85952 -8.47196e-06 1.03448 0.000104806 
1.90445e-05 0.824934 2.42947e-06 -1.85952 -8.0781e-06 1.03448 0.000105338 
1.90445e-05 0.824934 2.42947e-06 -1.85952 -8.0781e-06 1.03448 0.000105338 
1.91276e-05 0.824933 2.40403e-06 -1.85952 -8.36966e-06 1.03448 0.000104786 
1.91471e-05 0.824933 2.41495e-06 -1.85951 -8.13367e-06 1.03448 0.000105795 
1.87668e-05 0.824933 2.46196e-06 -1.85952 -7.87698e-06 1.03448 0.00010523 
1.88523e-05 0.824933 2.41128e-06 -1.85952 -7.97988e-06 1.03448 0.000105387 
1.91886e-05 0.824933 2.35531e-06 -1.85951 -8.12162e-06 1.03448 0.000106089 
1.91302e-05 0.824933 2.37873e-06 -1.85952 -8.18115e-06 1.03448 0.000105495 
1.89148e-05 0.824934 2.47132e-06 -1.85952 -7.86022e-06 1.03448 0.000105319 
1.91028e-05 0.824933 2.40617e-06 -1.85951 -8.01847e-06 1.03448 0.000105932 
1.88283e-05 0.824934 2.49459e-06 -1.85952 -7.70677e-06 1.03448 0.000105334 
1.89135e-05 0.824933 2.44407e-06 -1.85952 -7.80919e-06 1.03448 0.00010549 
1.91404e-05 0.824933 2.34465e-06 -1.85951 -8.1439e-06 1.03448 0.000105688 
1.89717e-05 0.824933 2.43758e-06 -1.85952 -7.92866e-06 1.03448 0.000105423 
1.8959e-05 0.824934 2.48011e-06 -1.85952 -7.97524e-06 1.03448 0.000105182 
1.93222e-05 0.824934 2.39698e-06 -1.85952 -8.27921e-06 1.03448 0.000105446 
1.91302e-05 0.824933 2.37873e-06 -1.85952 -8.18115e-06 1.03448 0.000105495 
1.90214e-05 0.824934 2.48944e-06 -1.85952 -7.98246e-06 1.03448 0.000105565 
1.90343e-05 0.824934 2.44679e-06 -1.85952 -7.93608e-06 1.03448 0.000105806 
1.91143e-05 0.824933 2.35306e-06 -1.85951 -8.10012e-06 1.03448 0.000105684 
1.86983e-05 0.824933 2.48577e-06 -1.85952 -7.61551e-06 1.03448 0.000105766 
1.90457e-05 0.824933 2.44003e-06 -1.85952 -7.9498e-06 1.03448 0.000105827 
1.86711e-05 0.824934 2.52991e-06 -1.85952 -7.63231e-06 1.03448 0.000105542 
1.88409e-05 0.824934 2.41804e-06 -1.85952 -7.96615e-06 1.03448 0.000105366 
1.8959e-05 0.824934 2.48011e-06 -1.85952 -7.97524e-06 1.03448 0.000105182 
1.90343e-05 0.824934 2.44679e-06 -1.85952 -7.93608e-06 1.03448 0.000105806 
1.90343e-05 0.824934 2.44679e-06 -1.85952 -7.93608e-06 1.03448 0.000105806 
1.89717e-05 0.824933 2.43758e-06 -1.85952 -7.92866e-06 1.03448 0.000105423 
1.90343e-05 0.824934 2.44679e-06 -1.85952 -7.93608e-06 1.03448 0.000105806 
1.90616e-05 0.824933 2.40255e-06 -1.85952 -7.91942e-06 1.03448 0.000106031 
1.90214e-05 0.824934 2.48944e-06 -1.85952 -7.98246e-06 1.03448 0.000105565 
1.90299e-05 0.824933 2.43109e-06 -1.85952 -8.04814e-06 1.03448 0.000105355 
1.87086e-05 0.824933 2.46845e-06 -1.85952 -7.75749e-06 1.03448 0.000105298 
1.90894e-05 0.824933 2.4183e-06 -1.85951 -7.8602e-06 1.03448 0.000106438 
1.90445e-05 0.824934 2.42947e-06 -1.85952 -8.0781e-06 1.03448 0.000105338 
1.93222e-05 0.824934 2.39698e-06 -1.85952 -8.27921e-06 1.03448 0.000105446 
1.90287e-05 0.824933 2.4038e-06 -1.85952 -7.99718e-06 1.03448 0.000105527 
1.91187e-05 0.824934 2.3855e-06 -1.85952 -8.16739e-06 1.03448 0.000105474 
1.90057e-05 0.824934 2.46369e-06 -1.85952 -7.90179e-06 1.03448 0.000105754 
1.90433e-05 0.824933 2.40217e-06 -1.85952 -8.02716e-06 1.03448 0.00010551 
1.93222e-05 0.824934 2.39698e-06 -1.85952 -8.27921e-06 1.03448 0.000105446 
1.88523e-05 0.824933 2.41128e-06 -1.85952 -7.97988e-06 1.03448 0.000105387 
1.89965e-05 0.824933 2.41864e-06 -1.85952 -8.10064e-06 1.03448 0.000104938 
1.8959e-05 0.824934 2.48011e-06 -1.85952 -7.97524e-06 1.03448 0.000105182 
1.87668e-05 0.824933 2.46196e-06 -1.85952 -7.87698e-06 1.03448 0.00010523 
1.9408e-05 0.824933 2.34617e-06 -1.85952 -8.38241e-06 1.03448 0.000105603 
1.89135e-05 0.824933 2.44407e-06 -1.85952 -7.80919e-06 1.03448 0.00010549 
1.88863e-05 0.824934 2.48816e-06 -1.85952 -7.82605e-06 1.03448 0.000105266 
1.89761e-05 0.824934 2.47e-06 -1.85952 -7.99579e-06 1.03448 0.000105213 
1.87646e-05 0.824933 2.40437e-06 -1.85951 -7.62061e-06 1.03448 0.000106149 
1.90445e-05 0.824934 2.42947e-06 -1.85952 -8.0781e-06 1.03448 0.000105338 
1.91302e-05 0.824933 2.37873e-06 -1.85952 -8.18115e-06 1.03448 0.000105495 
1.9113e-05 0.824933 2.38888e-06 -1.85951 -8.16053e-06 1.03448 0.000105464 
1.91173e-05 0.824934 2.42136e-06 -1.85952 -8.22756e-06 1.03448 0.000105254 
1.89717e-05 0.824933 2.43758e-06 -1.85952 -7.92866e-06 1.03448 0.000105423 
1.90572e-05 0.824933 2.3869e-06 -1.85952 -8.03147e-06 1.03448 0.000105579 
1.93325e-05 0.824933 2.36287e-06 -1.85951 -8.24212e-06 1.03448 0.000105639 
1.89875e-05 0.824934 2.46325e-06 -1.85952 -8.0095e-06 1.03448 0.000105234 
1.90343e-05 0.824934 2.44679e-06 -1.85952 -7.93608e-06 1.03448 0.000105806 
1.92677e-05 0.824933 2.4055e-06 -1.85952 -8.02205e-06 1.03448 0.000106051 
1.89293e-05 0.824934 2.46971e-06 -1.85952 -7.89014e-06 1.03448 0.000105302 
1.90445e-05 0.824934 2.42947e-06 -1.85952 -8.0781e-06 1.03448 0.000105338 
1.93222e-05 0.824934 2.39698e-06 -1.85952 -8.27921e-06 1.03448 0.000105446 
1.89717e-05 0.824933 2.43758e-06 -1.85952 -7.92866e-06 1.03448 0.000105423 
1.90445e-05 0.824934 2.42947e-06 -1.85952 -8.0781e-06 1.03448 0.000105338 
1.89717e-05 0.824933 2.43758e-06 -1.85952 -7.92866e-06 1.03448 0.000105423 
1.89863e-05 0.824933 2.43596e-06 -1.85952 -7.95861e-06 1.03448 0.000105406 
1.89761e-05 0.824934 2.47e-06 -1.85952 -7.99579e-06 1.03448 0.000105213 
1.89209e-05 0.824933 2.37066e-06 -1.85951 -8.06236e-06 1.03448 0.000105512 
1.90413e-05 0.824933 2.36128e-06 -1.85951 -7.95031e-06 1.03448 0.000105768 
1.91755e-05 0.824934 2.41486e-06 -1.85952 -8.34709e-06 1.03448 0.000105186 
1.90299e-05 0.824933 2.43109e-06 -1.85952 -8.04814e-06 1.03448 0.000105355 
1.90535e-05 0.824933 2.38488e-06 -1.85952 -8.16923e-06 1.03448 0.000105042 
1.90433e-05 0.824933 2.40217e-06 -1.85952 -8.02716e-06 1.03448 0.00010551 
1.90214e-05 0.824934 2.48944e-06 -1.85952 -7.98246e-06 1.03448 0.000105565 
1.91276e-05 0.824933 2.40403e-06 -1.85952 -8.36966e-06 1.03448 0.000104786 
1.88385e-05 0.824934 2.47723e-06 -1.85952 -7.84871e-06 1.03448 0.000104866 
1.87668e-05 0.824933 2.46196e-06 -1.85952 -7.87698e-06 1.03448 0.00010523 
1.87565e-05 0.824934 2.47928e-06 -1.85952 -7.73497e-06 1.03448 0.000105698 
1.89602e-05 0.824933 2.42762e-06 -1.85952 -7.7356e-06 1.03448 0.000106063 
1.86403e-05 0.824934 2.50889e-06 -1.85952 -7.67546e-06 1.03448 0.000105173 
1.8694e-05 0.824933 2.47007e-06 -1.85952 -7.72755e-06 1.03448 0.000105315 
1.90499e-05 0.824934 2.47254e-06 -1.85952 -8.01678e-06 1.03448 0.000105617 
1.91302e-05 0.824933 2.37873e-06 -1.85952 -8.18115e-06 1.03448 0.000105495 
1.89761e-05 0.824934 2.47e-06 -1.85952 -7.99579e-06 1.03448 0.000105213 
1.87086e-05 0.824933 2.46845e-06 -1.85952 -7.75749e-06 1.03448 0.000105298 
1.90343e-05 0.824934 2.44679e-06 -1.85952 -7.93608e-06 1.03448 0.000105806 
1.90445e-05 0.824934 2.42947e-06 -1.85952 -8.0781e-06 1.03448 0.000105338 
1.91287e-05 0.824933 2.41459e-06 -1.85952 -8.24132e-06 1.03448 0.000105275 
1.87792e-05 0.824933 2.40273e-06 -1.85951 -7.65063e-06 1.03448 0.000106132 
1.88238e-05 0.824933 2.42818e-06 -1.85952 -7.94557e-06 1.03448 0.000105335 
1.89735e-05 0.824934 2.47851e-06 -1.85952 -8.00515e-06 1.03448 0.000105165 
1.90316e-05 0.824934 2.47207e-06 -1.85952 -8.12446e-06 1.03448 0.000105097 
1.91016e-05 0.824933 2.39564e-06 -1.85952 -8.14678e-06 1.03448 0.000105443 
1.89761e-05 0.824934 2.47e-06 -1.85952 -7.99579e-06 1.03448 0.000105213 
1.90445e-05 0.824934 2.42947e-06 -1.85952 -8.0781e-06 1.03448 0.000105338 
1.86256e-05 0.824933 2.49388e-06 -1.85952 -7.46614e-06 1.03448 0.00010585 
1.9113e-05 0.824933 2.38888e-06 -1.85951 -8.16053e-06 1.03448 0.000105464 
1.89135e-05 0.824933 2.44407e-06 -1.85952 -7.80919e-06 1.03448 0.00010549 
1.90616e-05 0.824933 2.40255e-06 -1.85952 -7.91942e-06 1.03448 0.000106031 
1.90445e-05 0.824934 2.42947e-06 -1.85952 -8.0781e-06 1.03448 0.000105338 
1.90559e-05 0.824933 2.42271e-06 -1.85952 -8.09183e-06 1.03448 0.000105359 
1.8993e-05 0.824933 2.35062e-06 -1.85951 -7.97258e-06 1.03448 0.000105367 
1.90972e-05 0.824933 2.36321e-06 -1.85951 -8.07953e-06 1.03448 0.000105652 
1.91118e-05 0.824933 2.37835e-06 -1.85952 -8.28888e-06 1.03448 0.000104974 
1.87086e-05 0.824933 2.46845e-06 -1.85952 -7.75749e-06 1.03448 0.000105298 
1.90445e-05 0.824934 2.42947e-06 -1.85952 -8.0781e-06 1.03448 0.000105338 
1.90274e-05 0.824933 2.4396e-06 -1.85952 -8.05752e-06 1.03448 0.000105307 
1.8711e-05 0.824934 2.45996e-06 -1.85952 -7.74805e-06 1.03448 0.000105346 
1.90628e-05 0.824933 2.42988e-06 -1.85952 -7.97038e-06 1.03448 0.000105859 
1.89148e-05 0.824934 2.47132e-06 -1.85952 -7.86022e-06 1.03448 0.000105319 
1.90343e-05 0.824934 2.44679e-06 -1.85952 -7.93608e-06 1.03448 0.000105806 
1.91118e-05 0.824933 2.37835e-06 -1.85952 -8.28888e-06 1.03448 0.000104974 
1.9113e-05 0.824933 2.38888e-06 -1.85951 -8.16053e-06 1.03448 0.000105464 
1.89717e-05 0.824933 2.43758e-06 -1.85952 -7.92866e-06 1.03448 0.000105423 
1.92366e-05 0.824934 2.44769e-06 -1.85952 -8.17621e-06 1.03448 0.00010529 
1.89658e-05 0.824934 2.48736e-06 -1.85952 -7.85381e-06 1.03448 0.000105681 
1.91874e-05 0.824933 2.34484e-06 -1.85951 -8.24996e-06 1.03448 0.0001056 
1.90445e-05 0.824934 2.42947e-06 -1.85952 -8.0781e-06 1.03448 0.000105338 
1.91302e-05 0.824933 2.36189e-06 -1.85951 -8.00181e-06 1.03448 0.000106156 
1.8867e-05 0.824933 2.40965e-06 -1.85952 -8.00988e-06 1.03448 0.00010537 
1.9113e-05 0.824933 2.38888e-06 -1.85951 -8.16053e-06 1.03448 0.000105464 
1.90445e-05 0.824934 2.42947e-06 -1.85952 -8.0781e-06 1.03448 0.000105338 
1.89717e-05 0.824933 2.43758e-06 -1.85952 -7.92866e-06 1.03448 0.000105423 
1.9113e-05 0.824933 2.38888e-06 -1.85951 -8.16053e-06 1.03448 0.000105464 
1.92433e-05 0.824933 2.34679e-06 -1.85951 -8.37914e-06 1.03448 0.000105484 
1.91199e-05 0.824933 2.39601e-06 -1.85952 -8.03907e-06 1.03448 0.000105963 
1.91173e-05 0.824934 2.42136e-06 -1.85952 -8.22756e-06 1.03448 0.000105254 
1.86983e-05 0.824933 2.48577e-06 -1.85952 -7.61551e-06 1.03448 0.000105766 
1.91988e-05 0.824933 2.33806e-06 -1.85951 -8.26374e-06 1.03448 0.000105621 
1.89717e-05 0.824933 2.43758e-06 -1.85952 -7.92866e-06 1.03448 0.000105423 
1.90445e-05 0.824934 2.42947e-06 -1.85952 -8.0781e-06 1.03448 0.000105338 
1.89658e-05 0.824934 2.48736e-06 -1.85952 -7.85381e-06 1.03448 0.000105681 
1.91785e-05 0.824934 2.45413e-06 -1.85952 -8.05691e-06 1.03448 0.000105357 
1.90445e-05 0.824934 2.42947e-06 -1.85952 -8.0781e-06 1.03448 0.000105338 
1.87668e-05 0.824933 2.46196e-06 -1.85952 -7.87698e-06 1.03448 0.00010523 
1.95824e-05 0.824933 2.28207e-06 -1.85951 -8.51192e-06 1.03448 0.000106235 
1.85404e-05 0.824934 2.54438e-06 -1.85952 -7.36392e-06 1.03448 0.000105694 
1.91302e-05 0.824933 2.37873e-06 -1.85952 -8.18115e-06 1.03448 0.000105495 
1.92209e-05 0.824934 2.42197e-06 -1.85952 -8.0955e-06 1.03448 0.000105479 
1.9181e-05 0.824934 2.4289e-06 -1.85952 -7.86834e-06 1.03448 0.000106066 
1.91392e-05 0.824933 2.33417e-06 -1.85951 -8.27227e-06 1.03448 0.000105198 
1.89159e-05 0.824933 2.48192e-06 -1.85952 -7.73195e-06 1.03448 0.000105807 
1.92494e-05 0.824934 2.40509e-06 -1.85952 -8.12977e-06 1.03448 0.000105531 
1.90445e-05 0.824934 2.42947e-06 -1.85952 -8.0781e-06 1.03448 0.000105338 
1.90445e-05 0.824934 2.42947e-06 -1.85952 -8.0781e-06 1.03448 0.000105338 
1.89761e-05 0.824934 2.47e-06 -1.85952 -7.99579e-06 1.03448 0.000105213 
1.90445e-05 0.824934 2.42947e-06 -1.85952 -8.0781e-06 1.03448 0.000105338 
1.87086e-05 0.824933 2.46845e-06 -1.85952 -7.75749e-06 1.03448 0.000105298 
1.899e-05 0.824933 2.43801e-06 -1.85952 -7.8209e-06 1.03448 0.000105943 
1.9317e-05 0.824934 2.4743e-06 -1.85952 -8.25454e-06 1.03448 0.000105532 
1.90343e-05 0.824934 2.44679e-06 -1.85952 -7.93608e-06 1.03448 0.000105806 
1.91682e-05 0.824934 2.48819e-06 -1.85952 -8.09394e-06 1.03448 0.000105165 
1.91173e-05 0.824934 2.42136e-06 -1.85952 -8.22756e-06 1.03448 0.000105254 
1.89615e-05 0.824934 2.4549e-06 -1.85952 -7.78668e-06 1.03448 0.000105891 
1.9106e-05 0.824933 2.41131e-06 -1.85952 -8.0347e-06 1.03448 0.000105894 
1.87565e-05 0.824934 2.47928e-06 -1.85952 -7.73497e-06 1.03448 0.000105698 
1.89863e-05 0.824933 2.43596e-06 -1.85952 -7.95861e-06 1.03448 0.000105406 
1.91796e-05 0.824934 2.48145e-06 -1.85952 -8.10765e-06 1.03448 0.000105185 
1.87383e-05 0.824934 2.47882e-06 -1.85952 -7.84273e-06 1.03448 0.000105178 
1.89761e-05 0.824934 2.45328e-06 -1.85952 -7.81662e-06 1.03448 0.000105874 
1.90445e-05 0.824934 2.42947e-06 -1.85952 -8.0781e-06 1.03448 0.000105338 
1.87715e-05 0.824934 2.52823e-06 -1.85952 -7.6386e-06 1.03448 0.00010523 
1.92392e-05 0.824934 2.42241e-06 -1.85952 -7.98778e-06 1.03448 0.000105999 
1.92719e-05 0.824933 2.32982e-06 -1.85951 -8.41364e-06 1.03448 0.000105536 
1.89761e-05 0.824934 2.45328e-06 -1.85952 -7.81662e-06 1.03448 0.000105874 
1.89863e-05 0.824933 2.43596e-06 -1.85952 -7.95861e-06 1.03448 0.000105406 
1.88523e-05 0.824933 2.41128e-06 -1.85952 -7.97988e-06 1.03448 0.000105387 
1.92366e-05 0.824934 2.44769e-06 -1.85952 -8.17621e-06 1.03448 0.00010529 
1.87769e-05 0.824933 2.42796e-06 -1.85951 -7.83965e-06 1.03448 0.000105423 
1.89717e-05 0.824933 2.43758e-06 -1.85952 -7.92866e-06 1.03448 0.000105423 
1.89875e-05 0.824934 2.46325e-06 -1.85952 -8.0095e-06 1.03448 0.000105234 
1.87668e-05 0.824933 2.46196e-06 -1.85952 -7.87698e-06 1.03448 0.00010523 
1.91302e-05 0.824933 2.37873e-06 -1.85952 -8.18115e-06 1.03448 0.000105495 
1.89772e-05 0.824934 2.4806e-06 -1.85952 -7.86751e-06 1.03448 0.000105702 
1.90914e-05 0.824933 2.41294e-06 -1.85952 -8.00472e-06 1.03448 0.000105911 
1.90445e-05 0.824934 2.42947e-06 -1.85952 -8.0781e-06 1.03448 0.000105338 
