221.45756889674237 -224.13763535882202 722.7250925345129
211.42774789705456 -219.56761332363456 696.7981202159493
193.2205195134158 -205.10718177640265 648.3042515647643
189.29257058626314 -201.01043674032718 638.2308051847281
193.62640262581405 -202.9608341150023 658.5048628064865
220.52632349271752 -141.94469245780584 490.2725069964005
215.121064489424 -139.7516039750008 478.70046184341663
218.38868665141112 -137.59870791125027 478.44052234756117
227.99413330590812 -137.4175100709863 494.5768449168477
236.03436038688318 -140.80196313025107 509.0488384462354
238.17000319024424 -142.0838100675065 509.5707398702812
235.8969110623421 -143.29616250224964 505.78425074150385
242.6595361188264 -146.57103372603066 517.348649476626
251.7758004766958 -148.325758167703 534.1102206884743
257.71716770613244 -149.38133725326523 544.1277266044452
261.9081111545708 -150.7313480501561 551.3445104740692
266.21593307362565 -152.45562123411784 559.2133860146653
269.0563953262173 -153.5854387691819 563.6345515550771
270.3238128080188 -152.9863316155152 565.2823732187308
274.2358102425656 -154.3433602213994 570.6555324137319
272.62606508565375 -153.3838125857103 563.0160397335784
276.4016430263018 -153.84732735404287 567.4882077711584
282.5592600601809 -156.097191287826 576.0356805094965
283.2689089214074 -155.57673123699888 572.2646436453314
286.02627034680063 -155.53228836725052 570.2232301153374
295.6689134101805 -160.19634181311784 586.3031442474488
299.17442053213523 -160.55275238881075 588.9127687715915
293.6228939646785 -157.10975579469772 574.4820008842785
295.2492074381904 -157.89663446912286 580.9705268944572
295.03682065679135 -158.2405426955745 582.0171450105477
292.32832183952985 -157.15408477388087 577.0766270695685
290.7265291868546 -157.0923789575001 575.3425934332811
291.9769878123689 -158.25584291874185 578.7390471279715
296.796814512976 -161.9806170549596 589.0213130936892
292.71388692090676 -160.15718688278093 582.7963103504553
291.4971702225664 -158.98077964519402 580.0931641272907
292.04270972977645 -159.1372519018036 580.9093172431038
292.515288217413 -159.29604244152142 583.5831480769112
295.1307407096463 -160.53914659653438 589.8156074499499
293.11811505787256 -159.70879022210386 586.5783595171821
290.91274408422504 -159.34396998555178 583.7164376889061
290.9917698157194 -159.23653474009058 584.0602912504949
291.7093910434487 -160.13866940534214 585.8836826092717
294.60752177255654 -161.67358863647718 593.5124038280136
293.05606914326574 -160.51885356376684 593.6602737419814
291.61608856635144 -160.15380522726298 590.7602753392698
300.4520129587509 -165.03503887428388 609.9473138745692
292.34874491719734 -160.78286853118092 595.6880454383213
292.6618629284311 -161.90673878663253 595.4284403442844
288.21385232057366 -159.81378426642684 586.9643120919629
289.95191842205605 -160.07127191796693 590.4127298973712
291.6440604964492 -161.12522272662812 592.0828321866289
294.52675708358333 -162.22664031684897 598.4637805425626
298.1010094288836 -164.13283330230817 604.8860203071622
297.7808705715716 -163.2918388857386 605.065157479631
298.17777480543066 -163.29693194692447 608.1352262075478
296.81900643776095 -162.56327069442202 606.1242071011317
298.4874932768186 -163.58154467758357 609.1115058675994
296.8058478936525 -162.9965015365872 605.5426497521289
301.3313894173223 -165.98089987235207 614.8577447423235
299.62015706924683 -164.66954808818753 610.206147446975
297.6619261216703 -163.00080707012265 604.2837043991167
301.32841456443 -165.3136629697785 611.0442104547653
299.9478408388095 -164.37024094402327 607.9180866479679
298.979216986118 -165.20058069114484 607.7933248975692
299.29287816834915 -166.44918847931316 610.9220202228721
293.6176057232603 -164.36255408067564 600.0520965267482
294.45451368929383 -164.00960495480936 603.2952932724925
295.2352198685615 -163.53216442049398 603.7475144582985
294.8426010537588 -163.40047208806433 603.752100414293
296.0626386975807 -163.48728936749265 606.4421515093654
295.63988879672786 -163.47888908845925 605.9007121665495
301.59175493908623 -165.77519288130438 614.3039866434789
295.96708754032056 -162.13614025316508 601.3925147687008
295.58346450842873 -162.23950968505963 601.6693181395709
297.339082338364 -163.60312590176093 606.6043286770714
296.9683190411404 -163.43972636747026 605.5670908117995
294.94397679947775 -162.27789016473162 602.1472491565456
296.84582449639674 -162.43842583006105 606.2522469387492
297.09588696624905 -162.514834872285 607.7877286688216
294.5817748051849 -161.69152916636787 603.5629816261529
297.47749449553265 -163.38721164880894 608.5159467504631
294.1286304090852 -162.1042219434058 599.6723216167842
293.8790821238898 -161.9622459680246 600.7929298050061
295.9572055864118 -162.65997711006773 607.4237306516098
294.643842663286 -161.8008694426978 605.2962502157392
294.34728450553433 -161.54677601783823 605.0271293243118
297.4659074706219 -162.59801767727913 611.0258373635356
297.50091082228926 -162.34565775509 610.1015335742543
296.80025176469945 -162.55945710275424 608.6528934569495
298.02140677816953 -163.61271666833244 608.1990870277183
297.25592980975017 -162.49431070698924 605.3769599692437
295.767992069536 -162.00670350892437 603.3385097157474
294.41670822890114 -161.88572243985334 600.4815075782343
295.5219504162853 -162.15283058616018 605.3270491561716
296.4131101019592 -162.32654874018542 606.210095539882
295.2902472349019 -161.29058647403912 602.125074938646
294.9967991967462 -161.60761461240895 602.0025271833811
292.9483084033122 -161.28066689268377 596.854468446106
292.62147344229595 -161.07110807410234 598.1907749739346
294.59875642767565 -161.75484832842756 602.6032744051877
292.3343317699881 -160.95518103045674 597.6582748327404
291.8653672917111 -160.94295289130758 597.5593523273085
293.0094665995776 -161.18001936562894 600.0202221489601
291.8178302369091 -160.83108641930767 599.1518175984563
292.57474025404775 -160.66526006800518 601.0830900869953
292.5345998576981 -160.4306601872966 601.2689901263016
290.11012485761773 -160.04471657035754 595.7560982647138
289.1558328784785 -160.04852099018532 594.8412810510564
290.748257068118 -160.37785077342033 598.6399385544905
290.89761002824275 -160.17332095569918 596.5405040012317
291.0357610087139 -160.21425359444893 597.1899525528576
288.6105678627571 -159.43510447418822 594.3824507628701
289.44944793303614 -160.73003744169043 597.3695149592805
289.19637320560304 -159.57608631920758 597.6050238655821
291.4000492185756 -160.5133408875606 603.0946714066425
289.7425867951164 -160.11697939955448 599.8193361516572
288.84094377842155 -159.89567723624782 598.1741160530099
291.9358983722003 -160.500533478195 601.7934391416409
291.3815090151392 -159.47751837660545 601.0251713337472
289.0707925909344 -158.93012451981318 596.7328731140855
290.07618293664945 -159.28511541003792 598.0085765756004
292.36071209522936 -159.9071898233322 604.0512022933501
288.179261927545 -158.25389758458576 595.9521639209073
287.4762073623629 -157.92990404668703 593.7439959959391
288.0772318944281 -158.37285110526096 596.2500246855861
288.6317548975113 -159.30651086968587 598.9128728734784
287.4941351710597 -158.75133015221598 596.612197055786
288.7534041236181 -159.45144996380478 600.1576632883095
288.5895721547784 -158.9865459525002 600.8666806421793
290.6792310228271 -159.96925814884997 605.7934541249944
287.7015243406717 -159.02188256190394 599.7455705696926
287.78673222791303 -159.3723898817905 599.1009776543407
288.7655561199157 -159.73768503030809 601.5602307797446
288.6142783325314 -159.31640149221275 603.1923318814474
289.9209380129933 -159.9279747864783 604.7925276716156
291.1126516964094 -160.2128149428328 605.7400790672434
292.25297715345874 -160.43868107207095 609.3990041983765
292.14284125740045 -160.94911505412884 609.2489756858984
287.2335657247792 -159.31181332527456 597.628213890019
288.27567940751555 -160.00790310126217 600.6941802107963
289.6407235309647 -159.67318465257608 603.152108715281
289.5899991817646 -160.27652812651735 604.5263149803292
288.441553368596 -159.94250316264058 602.5432496439826
288.13848891124434 -159.7471961653965 600.9164716124218
290.0803006587372 -160.67597510264267 606.2224705970108
288.8671840629237 -160.3822912082775 602.3352341512698
287.96256643283334 -160.23453191338191 601.4898128960666
287.9134044402101 -160.11090299049349 604.0588876361028
288.92253281780347 -160.31186153057928 605.6245342787951
287.9029700163923 -160.39138224466092 604.527049091595
288.515329106997 -160.87139338189874 605.4015189179079
288.59003019026096 -161.02454422990692 604.4864280871803
289.00060604807635 -161.14361695798996 605.8904928917677
288.4264770747457 -160.67588055839875 604.184029931081
288.3499212098133 -160.5944265334711 602.2944712183594
290.41608693426844 -161.50794726424712 606.7836500729164
292.3764670427518 -161.4388747057923 610.4469899692115
293.97872183538317 -163.79222413175194 613.6026862663929
295.53976274618816 -163.6865928664396 616.8172392908685
294.88479053689 -163.68957122832308 620.2477338621367
294.44970958566427 -163.3762183229948 620.3803756898047
294.3153279033576 -163.45863232380938 618.6627149144477
295.41706909389495 -164.29833373728582 619.6797756215859
295.34808223619143 -164.10565860837465 618.61752982048
296.0096032416932 -164.06130906263678 618.2399186998781
295.3941010645033 -164.0224559850809 617.9344157317323
295.2194504325443 -164.62702663532227 619.6663911921986
296.3205127057936 -165.0729833283197 621.2799694234328
295.9574861778195 -165.21768193687515 620.0231373912908
295.61312748566013 -165.54183439118341 619.2603262315262
294.0423639788908 -164.8948108802578 616.2290279099388
298.62238182538937 -166.9887425341749 625.8411538950094
295.61378689870855 -165.66679001734698 619.802134488918
294.3977845746676 -165.4700851406269 618.3418968304244
293.3124169153752 -164.72026472092435 617.9928282099808
293.5178519723738 -164.66010316452645 616.8005291248329
293.6375981821365 -164.56499938544107 614.5424780989686
296.4343029403283 -165.14633700344217 619.2990017798951
296.81025510163204 -165.960400669924 620.1695633522386
297.772794080208 -167.18526825768322 625.1066644807103
296.2221527648787 -166.54945007755978 625.1074051789282
295.3303370188788 -165.85513006053725 623.5090437940561
292.9976149262448 -165.3724456617354 619.7849398612218
291.256177000085 -165.20914146437786 617.9730543678884
296.147501162131 -166.95876318659143 625.0359711773299
294.5462302360397 -166.36437646850237 618.7625884703856
290.5816881334191 -165.44086132330455 613.2995988926546
292.9074545001595 -165.96814408950695 617.3583498007866
292.60373931891655 -165.45349820511294 615.5772044411642
291.8174989363031 -165.97182153448034 616.9806187519622
291.5869749178284 -165.6297226114756 617.015783667675
294.1965907023868 -166.86285662815348 621.8163104898978
291.8590278810996 -165.61573848465974 617.7255686888735
292.30185893900074 -165.57038263915976 617.441182025012
291.75143505369067 -165.25047220710678 616.9811493030867
294.0641377451469 -166.4176285791327 622.0248611342961
291.8179476520323 -165.2807000308495 616.2684075220386
293.35492976148373 -165.6487988209363 617.3223856126632
293.8564212768776 -165.32943642526553 616.6781705894683
299.3654137965584 -167.95315114020727 627.0824314331855
301.9471035358849 -167.86635434501133 627.485864433749
300.54308084242905 -167.91771753877654 625.9240027211482
305.81680097910305 -171.14101645225426 640.4002106915664
305.6090173688651 -170.10597211022872 643.2278631817287
310.7637503843291 -173.18557042431564 655.6446511140534
315.0337937011257 -175.11570385770906 662.9791810072836
333.1064084170569 -181.36928048012663 694.170349813822
338.1203068568807 -183.23149999123967 700.4095443088682
344.3012069208505 -188.283626176669 711.9531717555906
343.69473697964935 -189.210806070846 711.4917757165078
352.0975324577693 -193.09843304527635 728.149210314781
365.1772422987612 -198.32305661141788 753.7716664767179
373.13157992713553 -200.32456747225024 770.9101266552433
382.22432387604266 -203.79372554294085 786.7890766231505
390.1951662743286 -210.3067112394473 802.5118900751469
386.91474412773124 -210.01943838975689 795.7827642762452
406.6853025564272 -217.53219317434534 835.3192461179397
418.9044967233662 -221.68724160740467 861.9783100373185
416.49593221053004 -215.9787227446914 853.8636167339622
400.3503871727523 -208.88933767291056 823.0955904600935
383.7439609792232 -203.08578079413235 794.5512070978326
386.66284566093736 -204.02516434485892 801.087747137116
386.54994101420914 -204.90973494481304 799.327076333087
413.42614314657555 -210.38647909138865 833.2281939085993
413.78148102867027 -208.79252439441225 829.6483098427815
431.0654103850542 -214.40752650061233 855.1484318252512
427.7364901238973 -210.54436508465818 840.8893108327691
437.2150059822573 -212.86913874070694 849.0965459033108
425.2832477641366 -205.28902535539936 816.9014124669028
434.10169694921194 -207.24945106636463 828.3019270429526
433.789126073684 -205.81830682781256 823.3686556025715
440.1997268000375 -207.5385456337137 827.6591412467134
440.53084345756275 -206.43142393647295 820.9637570381932
436.70594495046095 -206.52545589083047 813.027362358885
437.93143841954856 -206.38817145061182 809.967989721032
435.66836190004676 -207.82504223936598 796.8237663408053
434.8590334826781 -209.43742964669858 798.3280500121688
439.7331834354772 -210.45947895662127 808.7074424537809
453.29698594193786 -210.96518011506691 827.9400162144964
450.2836598836296 -212.07163246699503 824.3169965029388
462.1899101506589 -214.63962694976348 842.2024018137541
463.75797723320886 -211.44832782864427 832.1010360713749
458.5292662559937 -213.22312316505898 830.9862059958249
452.19286176358236 -209.00733041793626 813.0557004402391
444.2339952315866 -203.087291766468 795.7453087616306
448.03507761375045 -206.0741919417641 804.659080151765
435.3398964913486 -201.11087308736532 786.0822615166879
435.1586162821104 -202.48152169699551 791.1163171343952
430.6063529338382 -202.04287202365776 781.5734813878553
423.17031288428785 -201.3889185575069 762.3343964898794
420.39975845509076 -202.8015347031185 756.7833933612997
417.41669164374645 -202.25730580338637 755.491734402187
427.4342104437116 -207.9609261971301 769.1546557534715
418.73712073424605 -204.0033547897844 749.7608305669414
412.3576862668801 -202.25530813836698 737.082293390555
415.9337078590465 -205.23394976066047 746.9096365260903
407.4729015898439 -202.84548382366512 736.2621945416392
400.3531164136823 -201.8713497285323 723.9738123032593
404.45013607367537 -206.6754815440849 730.4521374029454
420.25296500206707 -220.8773253420351 770.7029031418376
379.5605037212331 -204.9438924053992 709.4098977027492
382.5885549688203 -209.5509668657116 716.6484130181215
381.99718469101094 -208.25626304315207 711.0815164975411
372.78643767230034 -205.01415386973804 696.214886780765
370.6633629322236 -206.78197366963343 696.9738346774737
366.32846649754464 -207.27762796359664 692.5645070489627
371.5181914381781 -211.19575945927357 704.8686460394869
370.19861282566177 -211.8845140976909 707.9014389402139
357.85307531807246 -208.86269199977937 690.8284469583978
366.5433102566883 -217.29942945895587 719.1995126942295
349.13998773292826 -212.40485606806627 694.5202880112292
341.3633326464848 -210.38218037438173 682.405765585292
332.6389257929297 -212.68345027815602 680.9304192661483
328.64317717511415 -213.6163153603367 676.9644395228183
318.2435962167435 -212.58016918415157 660.8837392390041
313.5007118128819 -212.151481431527 656.0488121342354
330.62861267657973 -243.58364866342313 742.5657614623898
374.4188032975224 -243.08532968085564 776.4756542961742
370.2900685009223 -240.90990621299633 766.6355373611914
376.2416974839993 -242.07200353636196 771.6434086508897
413.68634232134644 -243.74832746183745 801.6155374646352
402.784233673429 -235.64702010523862 776.1268911666491
416.69427588727996 -241.55117614443753 798.3302417279207
429.77522410993555 -246.26344613559115 815.362722118161
425.5277798949825 -239.13434697892671 799.2756324998142
419.5475109094042 -233.11384637154165 787.9711594145928
412.729874446456 -183.02908963297946 811.3041755981309
416.0127625835648 -191.37715537802916 814.8602298108236
430.76104596027375 -194.54980221860998 831.7901805125775
424.42756918080096 -185.81514289726545 805.6365020083052
439.26377100304234 -181.5573542837904 819.7682892825945
444.9014093266051 -178.292999605386 820.0834982446585
446.92835177423933 -177.64137539409182 813.995577773601
444.85604873836934 -174.5236260015988 798.5484865110537
453.6703667211441 -175.25764607814256 807.6310141579181
443.1243083389746 -178.58279608519913 797.5285460917779
413.4155447397052 -170.55304151170276 745.6784081965582
434.57672383799775 -186.5557286485517 785.1872307286894
